   635
   636
   637
   638
   641
   642
   645
   646
   649
   650
   653
   654
   657
   658
   661
   662
   664
   666
   668
   670
   672
   675
   676
   678
   680
   682
   684
   686
   689
   690
   692
   694
   696
   698
   700
   703
   704
   706
   708
   710
   712
   714
   717
   718
   720
   722
   724
   726
   728
   731
   732
   734
   736
   738
   740
   742
   745
   746
   748
   750
   752
   754
   756
   759
   760
   762
   764
   766
   768
   770
   773
   774
   776
   778
   780
   782
   784
   787
   788
   790
   792
   794
   796
   798
   876
   877
   878
   879
   884
   885
   888
   889
   892
   893
   896
   897
   900
   901
   904
   905
   908
   910
   912
   914
   916
   918
   919
   922
   924
   926
   928
   930
   932
   933
   936
   938
   940
   942
   944
   946
   947
   950
   952
   954
   956
   958
   960
   961
   964
   966
   968
   970
   972
   974
   975
   978
   980
   982
   984
   986
   988
   989
   992
   994
   996
   998
  1000
  1002
  1003
  1004
  1005
  1006
  1007
  1008
  1079
  1080
  1081
  1082
  1083
  1084
  1085
  1086
  1087
  1088
  1089
  1090
  1091
  1092
  1093
  1094
  1095
  1096
  1097
  1098
  1099
  1100
  1101
  1102
  1103
  1104
  1105
  1106
  1107
  1108
  1109
  1110
  1111
  1112
  1113
  1114
  1115
  1116
  1117
  1118
  1119
  1120
  1121
  1122
  1123
  1124
  1125
  1126
  1127
  1128
  1129
  1130
  1131
  1132
  1133
  1134
  1135
  1136
  1137
  1138
  1139
  1140
  1141
  1142
  1143
  1144
  1145
  1146
  1147
  1148
  1219
  1220
  1221
  1222
  1223
  1224
  1225
  1226
  1227
  1228
  1229
  1230
  1231
  1232
  1233
  1234
  1235
  1236
  1237
  1238
  1239
  1240
  1241
  1242
  1243
  1244
  1245
  1246
  1247
  1248
  1249
  1250
  1251
  1252
  1253
  1254
  1255
  1256
  1257
  1258
  1259
  1260
  1261
  1262
  1263
  1264
  1265
  1266
  1267
  1268
  1269
  1270
  1271
  1272
  1273
  1274
