   573
   574
   581
   588
   595
   602
   609
   616
   623
   630
   657
   658
   672
   686
   700
   714
   728
   742
   756
   770
   784
   798
   805
   812
   819
   826
   833
   840
   847
   854
   861
   868
   875
   900
   901
   902
   903
   916
   917
   930
   931
   944
   945
   958
   959
   972
   973
   986
   987
  1000
  1001
  1008
  1015
  1022
  1029
  1036
  1043
  1050
  1057
  1064
  1071
  1078
  1085
  1092
  1099
  1106
  1113
  1120
  1127
  1134
  1141
  1148
  1225
  1232
  1239
  1246
  1253
  1260
  1267
  1274
