   561
   562
   575
   582
   589
   596
   603
   610
   617
   624
   635
   636
   661
   675
   689
   703
   717
   731
   745
   759
   773
   787
   799
   806
   813
   820
   827
   834
   841
   848
   855
   862
   869
   876
   877
   880
   881
   904
   906
   918
   920
   932
   934
   946
   948
   960
   962
   974
   976
   988
   990
  1002
  1009
  1016
  1023
  1030
  1037
  1044
  1051
  1058
  1065
  1072
  1079
  1086
  1093
  1100
  1107
  1114
  1121
  1128
  1135
  1142
  1219
  1226
  1233
  1240
  1247
  1254
  1261
  1268
