   631
   632
   633
   634
   639
   640
   643
   644
   647
   648
   651
   652
   655
   656
   659
   660
   663
   665
   667
   669
   671
   673
   674
   677
   679
   681
   683
   685
   687
   688
   691
   693
   695
   697
   699
   701
   702
   705
   707
   709
   711
   713
   715
   716
   719
   721
   723
   725
   727
   729
   730
   733
   735
   737
   739
   741
   743
   744
   747
   749
   751
   753
   755
   757
   758
   761
   763
   765
   767
   769
   771
   772
   775
   777
   779
   781
   783
   785
   786
   789
   791
   793
   795
   797
  1149
  1150
  1151
  1152
  1153
  1154
  1155
  1156
  1157
  1158
  1159
  1160
  1161
  1162
  1163
  1164
  1165
  1166
  1167
  1168
  1169
  1170
  1171
  1172
  1173
  1174
  1175
  1176
  1177
  1178
  1179
  1180
  1181
  1182
  1183
  1184
  1185
  1186
  1187
  1188
  1189
  1190
  1191
  1192
  1193
  1194
  1195
  1196
  1197
  1198
  1199
  1200
  1201
  1202
  1203
  1204
  1205
  1206
  1207
  1208
  1209
  1210
  1211
  1212
  1213
  1214
  1215
  1216
  1217
  1218
  1275
  1276
  1277
  1278
  1279
  1280
  1281
  1282
  1283
  1284
  1285
  1286
  1287
  1288
  1289
  1290
  1291
  1292
  1293
  1294
  1295
  1296
  1297
  1298
  1299
  1300
  1301
  1302
  1303
  1304
  1305
  1306
  1307
  1308
  1309
  1310
  1311
  1312
  1313
  1314
  1315
  1316
  1317
  1318
  1319
  1320
  1321
  1322
  1323
  1324
  1325
  1326
  1327
  1328
  1329
  1330
  1331
  1332
  1333
  1334
  1335
  1336
  1337
  1338
  1339
  1340
  1341
  1342
  1343
  1344
  1345
  1346
  1347
  1348
  1349
  1350
  1351
  1352
  1353
  1354
  1355
  1356
  1357
  1358
  1359
  1360
  1361
  1362
  1363
  1364
  1365
  1366
  1367
  1368
  1369
  1370
  1371
  1372
  1373
  1374
  1375
  1376
  1377
  1378
  1379
  1380
  1381
  1382
  1383
  1384
  1385
  1386
  1387
  1388
  1389
  1390
  1391
  1392
  1393
  1394
  1395
  1396
  1397
  1398
  1399
  1400
