   655
   656
   657
   658
   671
   672
   685
   686
   699
   700
   713
   714
   727
   728
   741
   742
   755
   756
   769
   770
   783
   784
   797
   798
   900
   901
   916
   930
   944
   958
   972
   986
  1000
  1008
  1085
  1092
  1099
  1106
  1113
  1120
  1127
  1134
  1141
  1148
  1161
  1162
  1169
  1176
  1183
  1190
  1197
  1204
  1211
  1218
  1225
  1232
  1239
  1246
  1253
  1260
  1267
  1274
  1281
  1288
  1295
  1302
  1309
  1316
  1323
  1330
  1337
  1344
  1351
  1358
  1365
  1372
  1379
  1386
  1393
  1400
