    25
    26
    27
    28
    41
    42
    55
    56
    69
    70
    83
    84
    97
    98
   111
   112
   125
   126
   139
   140
   153
   154
   167
   168
   289
   290
   291
   292
   293
   294
   295
   296
   297
   298
   299
   300
   301
   302
   303
   304
   305
   306
   307
   308
   321
   322
   335
   336
   349
   350
   363
   364
   377
   378
   391
   392
   405
   406
   419
   420
   541
   542
   543
   544
   545
   546
   547
   548
   549
   550
   551
   552
   553
   554
   555
   556
   557
   558
   559
   560
