   631
   632
   645
   652
   659
   666
   673
   680
   687
   694
   701
   702
   729
   743
   757
   771
   785
   799
   813
   974
   975
   988
   995
  1002
  1009
  1016
  1023
  1030
  1037
  1044
  1051
  1058
  1065
  1072
  1079
  1086
  1093
  1100
  1107
  1114
  1121
  1122
  1135
  1142
  1149
  1156
  1163
  1170
  1177
  1184
  1191
  1198
  1205
  1206
  1219
  1226
  1233
  1240
  1247
  1254
  1261
  1268
  1275
  1282
  1289
  1296
  1303
  1310
  1317
  1324
  1331
  1338
  1345
  1352
  1359
  1366
  1373
  1380
  1387
  1394
