     1
     2
    29
    43
    57
    71
    85
    99
   113
   127
   141
   155
   170
   172
   178
   182
   186
   190
   194
   198
   202
   206
   309
   323
   337
   351
   365
   379
   393
   407
   422
   426
   430
   434
   438
   442
   446
   450
   454
   458
   561
   562
   575
   582
   589
   596
   603
   610
   617
   624
   705
   706
   731
   745
   759
   773
   787
   801
   815
   827
   834
   841
   848
   855
   862
   869
   876
   883
   890
   897
   904
   911
   918
   925
   932
   939
   946
   953
   960
   967
