     1
     2
     5
     6
    29
    31
    43
    45
    57
    59
    71
    73
    85
    87
    99
   101
   113
   115
   127
   129
   141
   143
   155
   157
   170
   172
   174
   176
   178
   180
   182
   184
   186
   188
   190
   192
   194
   196
   198
   200
   202
   204
   206
   208
   309
   311
   323
   325
   337
   339
   351
   353
   365
   367
   379
   381
   393
   395
   407
   409
   422
   424
   426
   428
   430
   432
   434
   436
   438
   440
   442
   444
   446
   448
   450
   452
   454
   456
   458
   460
