   561
   562
   575
   582
   589
   596
   603
   610
   617
   624
   631
   632
   645
   652
   659
   666
   673
   680
   687
   694
   701
   702
   705
   706
   729
   731
   743
   745
   757
   759
   771
   773
   785
   787
   799
   801
   813
   815
   827
   834
   841
   848
   855
   862
   869
   876
   883
   890
   897
   904
   911
   918
   925
   932
   939
   946
   953
   960
   967
   974
   975
   988
   995
  1002
  1009
  1016
  1023
  1030
  1037
  1044
  1051
  1058
  1065
  1072
  1079
  1086
  1093
  1100
  1107
  1114
