   771
   772
   773
   774
   775
   776
   777
   778
   779
   780
   781
   782
   783
   784
   785
   786
   787
   788
   789
   790
   791
   792
   793
   794
   795
   796
   797
   798
   799
   800
   801
   802
   803
   804
   805
   806
   807
   808
   809
   810
   811
   812
   813
   814
   815
   816
   817
   818
   819
   820
   821
   822
   823
   824
   825
   826
   827
   828
   829
   830
   831
   832
   833
   834
   835
   836
   837
   838
   839
   840
   843
   844
   846
   848
   850
   852
   854
   857
   858
   860
   862
   864
   866
   868
   871
   872
   874
   876
   878
   880
   882
   885
   886
   888
   890
   892
   894
   896
   899
   900
   902
   904
   906
   908
   910
   913
   914
   916
   918
   920
   922
   924
   927
   928
   930
   932
   934
   936
   938
   941
   942
   944
   946
   948
   950
   952
   955
   956
   958
   960
   962
   964
   966
   969
   970
   972
   974
   976
   978
   980
   981
   982
   983
   984
   985
   986
   987
  1072
  1073
  1076
  1078
  1080
  1082
  1084
  1086
  1087
  1090
  1092
  1094
  1096
  1098
  1100
  1101
  1104
  1106
  1108
  1110
  1112
  1114
  1115
  1118
  1120
  1122
  1124
  1126
  1128
  1129
  1132
  1134
  1136
  1138
  1140
  1142
  1143
  1146
  1148
  1150
  1152
  1154
  1156
  1157
  1160
  1162
  1164
  1166
  1168
  1170
  1171
  1174
  1176
  1178
  1180
  1182
  1184
  1185
  1188
  1190
  1192
  1194
  1196
  1198
  1199
  1202
  1204
  1206
  1208
  1210
  1212
  1213
  1216
  1218
  1220
  1222
  1224
  1226
  1227
  1228
  1229
  1230
  1231
  1232
  1233
  1234
  1235
  1236
  1237
  1238
  1239
  1240
  1241
  1242
  1243
  1244
  1245
  1246
  1247
  1248
  1249
  1250
  1251
  1252
  1253
  1254
  1255
  1256
  1257
  1258
  1259
  1260
  1261
  1262
  1263
  1264
  1265
  1266
  1267
  1268
  1269
  1270
  1271
  1272
  1273
  1274
  1275
  1276
  1277
  1278
  1279
  1280
  1281
