   561
   562
   575
   582
   589
   596
   603
   610
   617
   624
   631
   638
   645
   652
   659
   666
   673
   680
   687
   694
   695
   708
   715
   722
   729
   736
   743
   750
   757
   764
   771
   772
   785
   792
   799
   806
   813
   820
   827
   834
   841
   843
   855
   857
   869
   871
   883
   885
   897
   899
   911
   913
   925
   927
   939
   941
   953
   955
   967
   969
   981
  1072
  1086
  1100
  1114
  1128
  1142
  1156
  1170
  1184
  1198
  1212
  1226
  1233
  1240
  1247
  1254
  1261
  1268
  1275
