     2
     4
    30
    44
    58
    72
    86
   100
   114
   128
   142
   156
   169
   183
   197
   211
   225
   239
   253
   267
   281
   295
   309
   324
   326
   352
   366
   380
   394
   408
   422
   436
   450
   464
   478
   492
   506
   520
   534
   548
   573
   574
   581
   588
   595
   602
   609
   616
   623
   630
   637
   644
   651
   658
   665
   672
   679
   686
   693
   706
   707
   714
   721
   728
   735
   742
   749
   756
   763
   770
   853
   867
   881
   895
   909
   923
   937
   951
   965
   979
