  1000
  1001
  1008
  1015
  1022
  1029
  1036
  1043
  1050
  1057
  1064
  1071
  1085
  1099
  1113
  1127
  1141
  1155
  1169
  1183
  1197
  1211
  1225
  1294
  1295
  1302
  1309
  1316
  1323
  1330
  1337
  1344
  1351
  1358
  1365
  1372
  1379
  1386
  1393
  1400
  1401
  1402
  1403
  1404
  1409
  1410
  1413
  1414
  1417
  1419
  1420
  1423
  1424
  1425
  1426
  1431
  1432
  1433
  1434
  1439
  1440
  1443
  1444
  1445
  1446
  1451
  1452
  1455
  1457
  1458
  1459
  1460
  1465
  1466
  1469
  1470
  1471
  1472
  1477
  1479
  1481
  1483
  1484
  1485
  1486
  1491
  1492
  1495
  1497
  1498
  1499
  1500
  1505
  1507
  1508
  1509
  1510
  1515
  1516
  1517
  1518
  1523
  1525
  1527
  1529
  1530
  1533
  1535
  1536
  1539
  1541
  1542
  1545
  1547
  1549
  1550
  1553
  1554
  1557
  1559
  1561
  1562
  1565
  1566
  1569
  1570
  1573
  1575
  1577
  1579
  1581
  1583
  1585
  1587
  1588
  1591
  1592
  1593
  1597
