     6
     8
    12
    16
    20
    24
    28
    32
    36
    40
    44
    48
   172
   176
   180
   184
   188
   192
   196
   200
   204
   296
   298
   300
   302
   304
   306
   308
   310
   312
   314
   316
   318
   320
   322
   324
   326
   328
   330
   332
   334
   336
   338
   340
   534
   536
   538
   540
   542
   544
   546
   548
   550
   552
   554
   611
   613
   615
   617
   619
   621
   623
   625
   627
  1124
  1128
  1132
  1136
  1140
  1144
  1148
  1152
  1234
  1236
  1238
  1240
  1242
  1244
  1246
  1248
