     1
     2
     3
     4
     9
    10
    13
    14
    17
    18
    21
    22
    25
    26
    29
    30
    33
    34
    37
    38
    41
    42
    45
    46
    49
    50
    53
    55
    57
    59
    61
    63
    65
    67
    69
    71
    73
    74
    77
    79
    81
    83
    85
    87
    89
    91
    93
    95
    97
    98
   101
   103
   105
   107
   109
   111
   113
   115
   117
   119
   121
   122
   125
   127
   129
   131
   133
   135
   137
   139
   141
   143
   145
   146
   149
   151
   153
   155
   157
   159
   161
   163
   165
   167
   169
   170
   173
   174
   177
   178
   181
   182
   185
   186
   189
   190
   193
   194
   197
   198
   201
   202
   205
   207
   209
   211
   213
   215
   217
   219
   221
   223
   225
   227
   229
   231
   233
   235
   237
   239
   241
   243
   245
   247
   249
   251
   253
   255
   257
   259
   261
   263
   265
   267
   269
   271
   273
   275
   277
   279
   281
   283
   285
   287
   289
   291
   293
   456
   457
   458
   459
   460
   461
   462
   463
   464
   465
   466
   467
   468
   469
   470
   471
   472
   473
   474
   475
   476
   477
   478
   479
   480
   481
   482
   483
   484
   485
   486
   487
   488
   489
   490
   491
   492
   493
   494
   495
   496
   497
   498
   499
   500
   501
   502
   503
   504
   505
   506
   507
   508
   509
   510
   511
   512
   513
   514
   515
   516
   517
   518
   519
   520
   521
   522
   523
   524
   525
   526
   527
   528
   529
   530
   531
   532
  1121
  1122
  1125
  1126
  1129
  1130
  1133
  1134
  1137
  1138
  1141
  1142
  1145
  1146
  1149
  1150
  1153
  1155
  1157
  1159
  1161
  1163
  1165
  1167
  1169
  1171
  1173
  1175
  1177
  1179
  1181
  1183
  1185
  1187
  1189
  1191
  1193
  1195
  1197
  1199
  1201
  1203
  1205
  1207
  1209
  1211
  1213
  1215
  1217
  1219
  1221
  1223
  1225
  1227
  1229
  1231
