   674
   676
   678
   680
   682
   684
   686
   688
   690
   692
   694
   696
   758
   760
   762
   764
   766
   768
   770
   772
   774
   821
   823
   825
   827
   829
   831
   833
   835
   837
   839
   841
   898
   900
   902
   904
   906
   908
   910
   912
   914
   916
   918
   920
   982
   984
   986
   988
   990
   992
   994
   996
   998
  1000
  1002
  1059
  1061
  1063
  1065
  1067
  1069
  1071
  1073
  1075
  1290
  1292
  1294
  1296
  1298
  1300
  1302
  1304
  1346
  1348
  1350
  1352
  1354
  1356
  1358
  1360
