   147
   148
   150
   152
   154
   156
   158
   160
   162
   164
   166
   168
   278
   280
   282
   284
   286
   288
   290
   292
   294
   433
   434
   435
   436
   437
   438
   439
   440
   441
   442
   443
   444
   445
   446
   447
   448
   449
   450
   451
   452
   453
   454
   455
   599
   600
   601
   602
   603
   604
   605
   606
   607
   608
   609
   664
   665
   666
   667
   668
   669
   670
   671
   672
  1218
  1220
  1222
  1224
  1226
  1228
  1230
  1232
  1281
  1282
  1283
  1284
  1285
  1286
  1287
  1288
