     5
     6
     7
     8
    11
    12
    15
    16
    19
    20
    23
    24
    27
    28
    31
    32
    35
    36
    39
    40
    43
    44
    47
    48
    51
    52
    54
    56
    58
    60
    62
    64
    66
    68
    70
    72
    75
    76
    78
    80
    82
    84
    86
    88
    90
    92
    94
    96
    99
   100
   102
   104
   106
   108
   110
   112
   114
   116
   118
   120
   123
   124
   126
   128
   130
   132
   134
   136
   138
   140
   142
   144
   147
   148
   150
   152
   154
   156
   158
   160
   162
   164
   166
   168
   171
   172
   175
   176
   179
   180
   183
   184
   187
   188
   191
   192
   195
   196
   199
   200
   203
   204
   206
   208
   210
   212
   214
   216
   218
   220
   222
   224
   226
   228
   230
   232
   234
   236
   238
   240
   242
   244
   246
   248
   250
   252
   254
   256
   258
   260
   262
   264
   266
   268
   270
   272
   274
   276
   278
   280
   282
   284
   286
   288
   290
   292
   294
   295
   296
   297
   298
   303
   304
   307
   308
   311
   312
   315
   316
   319
   320
   323
   324
   327
   328
   331
   332
   335
   336
   341
   342
   345
   347
   349
   351
   353
   355
   357
   359
   361
   364
   365
   368
   370
   372
   374
   376
   378
   380
   382
   384
   387
   388
   391
   393
   395
   397
   399
   401
   403
   405
   407
   410
   411
   414
   416
   418
   420
   422
   424
   426
   428
   430
   433
   434
   437
   439
   441
   443
   445
   447
   449
   451
   453
  1123
  1124
  1127
  1128
  1131
  1132
  1135
  1136
  1139
  1140
  1143
  1144
  1147
  1148
  1151
  1152
  1154
  1156
  1158
  1160
  1162
  1164
  1166
  1168
  1170
  1172
  1174
  1176
  1178
  1180
  1182
  1184
  1186
  1188
  1190
  1192
  1194
  1196
  1198
  1200
  1202
  1204
  1206
  1208
  1210
  1212
  1214
  1216
  1218
  1220
  1222
  1224
  1226
  1228
  1230
  1232
