     2
     4
    10
    14
    18
    22
    26
    30
    34
    38
    42
    46
   170
   174
   178
   182
   186
   190
   194
   198
   202
   457
   459
   461
   463
   465
   467
   469
   471
   473
   475
   477
  1122
  1126
  1130
  1134
  1138
  1142
  1146
  1150
  1401
  1402
  1403
  1404
  1409
  1410
  1411
  1412
  1417
  1418
  1421
  1423
  1424
  1425
  1426
  1431
  1432
  1433
  1434
  1439
  1440
  1441
  1442
  1447
  1448
  1451
  1452
  1453
  1454
  1459
  1460
  1463
  1464
  1467
  1469
  1470
  1471
  1472
  1477
  1478
  1481
  1483
  1485
  1486
  1489
  1490
  1491
  1492
  1497
  1498
  1499
  1503
  1504
  1507
  1508
  1511
  1513
  1514
  1517
  1518
  1521
  1523
  1524
  1527
  1528
  1531
  1532
  1535
  1536
  1539
  1541
  1543
  1545
  1546
  1549
  1551
  1552
  1555
  1556
  1559
  1560
  1563
  1564
  1565
  1569
  1570
  1571
  1572
  1577
  1579
  1581
  1583
  1584
  1587
  1589
  1591
  1593
  1595
  1597
  1598
  1601
  1603
  1605
  1607
  1609
  1611
  1613
