   673
   674
   675
   676
   677
   678
   679
   680
   681
   682
   683
   684
   685
   686
   687
   688
   689
   690
   691
   692
   693
   694
   695
   696
   697
   698
   699
   700
   701
   702
   703
   704
   705
   706
   707
   708
   709
   710
   711
   712
   713
   714
   715
   716
   717
   718
   719
   720
   721
   722
   723
   724
   725
   726
   727
   728
   729
   730
   731
   732
   733
   734
   735
   736
   737
   738
   739
   740
   741
   742
   743
   744
   745
   746
   747
   748
   749
   750
   751
   752
   753
   754
   755
   756
   757
   758
   759
   760
   761
   762
   763
   764
   765
   766
   767
   768
   769
   770
   771
   772
   773
   774
   775
   776
   777
   778
   779
   780
   781
   782
   783
   784
   785
   786
   787
   788
   789
   790
   791
   792
   793
   794
   795
   796
   797
   798
   799
   800
   801
   802
   803
   804
   805
   806
   807
   808
   809
   810
   811
   812
   813
   814
   815
   816
   817
   818
   819
   820
   821
   822
   823
   824
   825
   826
   827
   828
   829
   830
   831
   832
   833
   834
   835
   836
   837
   838
   839
   840
   841
   842
   843
   844
   845
   846
   847
   848
   849
   850
   851
   852
   853
   854
   855
   856
   857
   858
   859
   860
   861
   862
   863
   864
   865
   866
   867
   868
   869
   870
   871
   872
   873
   874
   875
   876
   877
   878
   879
   880
   881
   882
   883
   884
   885
   886
   887
   888
   889
   890
   891
   892
   893
   894
   895
   896
  1289
  1290
  1291
  1292
  1293
  1294
  1295
  1296
  1297
  1298
  1299
  1300
  1301
  1302
  1303
  1304
  1305
  1306
  1307
  1308
  1309
  1310
  1311
  1312
  1313
  1314
  1315
  1316
  1317
  1318
  1319
  1320
  1321
  1322
  1323
  1324
  1325
  1326
  1327
  1328
  1329
  1330
  1331
  1332
  1333
  1334
  1335
  1336
  1337
  1338
  1339
  1340
  1341
  1342
  1343
  1344
