  1233
  1234
  1247
  1248
  1249
  1250
  1251
  1252
  1253
  1254
  1255
  1256
  1257
  1258
  1259
  1260
  1261
  1262
  1263
  1264
  1265
  1266
  1267
  1268
  1269
  1270
  1271
  1272
  1273
  1274
  1275
  1276
  1277
  1278
  1279
  1280
  1281
  1282
  1283
  1284
  1285
  1286
  1287
  1288
  1541
  1542
  1543
  1544
  1549
  1550
  1553
  1554
  1557
  1558
  1561
  1562
  1563
  1564
  1569
  1571
  1573
  1574
  1577
  1578
  1581
  1582
  1585
  1586
  1589
  1590
  1593
  1594
  1597
  1599
  1600
  1603
  1604
  1607
  1608
  1611
  1612
  1615
  1617
  1618
  1621
  1622
  1625
  1627
  1628
  1631
  1633
  1635
  1637
  1638
  1641
  1643
  1644
  1645
  1646
  1651
  1652
  1655
  1656
  1657
  1658
  1663
  1665
  1666
  1667
  1671
  1672
  1673
  1674
  1679
  1680
  1681
  1682
  1687
  1688
  1689
  1690
  1695
  1697
  1699
  1700
  1703
  1705
  1707
  1709
  1711
  1713
  1715
  1717
