     5
     6
     7
     8
    11
    12
    15
    16
    19
    20
    23
    24
    27
    28
    31
    32
    34
    36
    38
    40
    42
    45
    46
    48
    50
    52
    54
    56
    59
    60
    62
    64
    66
    68
    70
    73
    74
    76
    78
    80
    82
    84
    87
    88
    90
    92
    94
    96
    98
   101
   102
   104
   106
   108
   110
   112
   115
   116
   118
   120
   122
   124
   126
   129
   130
   132
   134
   136
   138
   140
   143
   144
   146
   148
   150
   152
   154
   157
   158
   160
   162
   164
   166
   168
   171
   172
   174
   176
   178
   180
   182
   185
   186
   188
   190
   192
   194
   196
   199
   200
   202
   204
   206
   208
   210
   213
   214
   216
   218
   220
   222
   224
   227
   228
   230
   232
   234
   236
   238
   241
   242
   244
   246
   248
   250
   252
   255
   256
   258
   260
   262
   264
   266
   269
   270
   272
   274
   276
   278
   280
   283
   284
   286
   288
   290
   292
   294
   297
   298
   300
   302
   304
   306
   308
   311
   312
   314
   316
   318
   320
   322
   325
   326
   328
   330
   332
   334
   336
   339
   340
   342
   344
   346
   348
   350
   353
   354
   356
   358
   360
   362
   364
   367
   368
   370
   372
   374
   376
   378
   381
   382
   384
   386
   388
   390
   392
   395
   396
   398
   400
   402
   404
   406
   409
   410
   412
   414
   416
   418
   420
   423
   424
   426
   428
   430
   432
   434
   437
   438
   440
   442
   444
   446
   448
   451
   452
   454
   456
   458
   460
   462
   465
   466
   468
   470
   472
   474
   476
   479
   480
   482
   484
   486
   488
   490
   493
   494
   496
   498
   500
   502
   504
   507
   508
   510
   512
   514
   516
   518
   521
   522
   524
   526
   528
   530
   532
   535
   536
   538
   540
   542
   544
   546
   549
   550
   552
   554
   556
   558
   560
   563
   564
   566
   568
   570
   572
   574
   577
   578
   580
   582
   584
   586
   588
   591
   592
   594
   596
   598
   600
   602
   605
   606
   608
   610
   612
   614
   616
