     5
     6
    31
    45
    59
    73
    87
   101
   115
   129
   143
   157
   171
   185
   199
   213
   227
   241
   255
   269
   283
   297
   311
   325
   339
   353
   367
   381
   395
   409
   423
   437
   451
   465
   479
   493
   507
   521
   535
   549
   563
   577
   591
   605
   619
   620
   631
   632
   633
   634
   635
   636
   637
   638
   639
   640
   641
   642
   643
   644
   645
   646
   647
   648
   649
   650
   651
   652
   653
   654
   655
   656
   657
   658
   659
   660
   661
   662
   663
   664
   665
   666
   667
   668
   669
   670
   671
   672
