     1
     2
     5
     6
    29
    31
    43
    45
    57
    59
    71
    73
    85
    87
    99
   101
   113
   115
   127
   129
   141
   143
   155
   157
   169
   171
   183
   185
   197
   199
   211
   213
   225
   227
   239
   241
   253
   255
   267
   269
   281
   283
   295
   297
   309
   311
   323
   325
   337
   339
   351
   353
   365
   367
   379
   381
   393
   395
   407
   409
   421
   423
   435
   437
   449
   451
   463
   465
   477
   479
   491
   493
   505
   507
   519
   521
   533
   535
   547
   549
   561
   563
   575
   577
   589
   591
   603
   605
