   631
   632
   659
   673
   687
   701
   715
   729
   743
   757
   771
   785
  1149
  1150
  1163
  1170
  1177
  1184
  1191
  1198
  1205
  1212
  1275
  1282
  1289
  1296
  1303
  1310
  1317
  1324
  1331
  1338
  1345
  1352
  1359
  1366
  1373
  1380
  1387
  1394
  1401
  1402
  1403
  1404
  1409
  1410
  1413
  1414
  1417
  1419
  1420
  1421
  1422
  1427
  1428
  1431
  1432
  1433
  1434
  1439
  1440
  1441
  1442
  1447
  1448
  1451
  1452
  1455
  1457
  1458
  1459
  1460
  1465
  1466
  1467
  1468
  1473
  1474
  1477
  1478
  1481
  1483
  1484
  1487
  1488
  1491
  1492
  1493
  1494
  1499
  1500
  1501
  1502
  1507
  1508
  1509
  1510
  1515
  1517
  1518
  1521
  1523
  1524
  1525
  1526
  1531
  1533
  1535
  1537
  1538
  1541
  1542
  1543
  1547
  1549
  1550
  1553
  1555
  1557
  1559
  1561
  1563
  1565
  1567
  1568
  1571
  1572
  1575
  1576
  1579
  1581
  1583
  1585
  1587
  1589
  1591
  1592
  1595
  1597
  1599
  1601
  1603
  1605
