     2
     4
    30
    44
    58
    72
    86
   100
   114
   128
   142
   156
   169
   183
   197
   211
   225
   239
   253
   267
   281
   295
   309
   324
   326
   352
   366
   380
   394
   408
   422
   436
   450
   464
   478
   492
   506
   520
   534
   548
   561
   562
   575
   582
   589
   596
   603
   610
   617
   624
   799
   806
   813
   820
   827
   834
   841
   848
   855
   862
   869
   880
   881
   906
   920
   934
   948
   962
   976
   990
  1009
  1016
  1023
  1030
  1037
  1044
  1051
  1058
  1065
  1072
