    26
    28
    42
    56
    70
    84
    98
   112
   126
   140
   154
   168
   181
   195
   209
   223
   237
   251
   265
   279
   293
   307
   321
   348
   350
   364
   378
   392
   406
   420
   434
   448
   462
   476
   490
   504
   518
   532
   546
   560
   573
   574
   581
   588
   595
   602
   609
   616
   623
   630
   805
   812
   819
   826
   833
   840
   847
   854
   861
   868
   875
   902
   903
   917
   931
   945
   959
   973
   987
  1001
  1015
  1022
  1029
  1036
  1043
  1050
  1057
  1064
  1071
  1078
