   631
   632
   635
   636
   659
   661
   673
   675
   687
   689
   701
   703
   715
   717
   729
   731
   743
   745
   757
   759
   771
   773
   785
   787
   876
   877
   904
   918
   932
   946
   960
   974
   988
  1002
  1079
  1086
  1093
  1100
  1107
  1114
  1121
  1128
  1135
  1142
  1149
  1150
  1163
  1170
  1177
  1184
  1191
  1198
  1205
  1212
  1219
  1226
  1233
  1240
  1247
  1254
  1261
  1268
  1275
  1282
  1289
  1296
  1303
  1310
  1317
  1324
  1331
  1338
  1345
  1352
  1359
  1366
  1373
  1380
  1387
  1394
