     1
     2
     3
     4
    29
    30
    43
    44
    57
    58
    71
    72
    85
    86
    99
   100
   113
   114
   127
   128
   141
   142
   155
   156
   169
   170
   183
   184
   197
   198
   211
   212
   225
   226
   239
   240
   253
   254
   267
   268
   281
   282
   295
   296
   309
   310
   323
   324
   325
   326
   351
   352
   365
   366
   379
   380
   393
   394
   407
   408
   421
   422
   435
   436
   449
   450
   463
   464
   477
   478
   491
   492
   505
   506
   519
   520
   533
   534
   547
   548
