  1121
  1122
  1135
  1142
  1149
  1156
  1163
  1170
  1177
  1184
  1191
  1198
  1205
  1206
  1219
  1226
  1233
  1240
  1247
  1254
  1261
  1268
  1275
  1282
  1289
  1296
  1303
  1310
  1317
  1324
  1331
  1338
  1345
  1352
  1359
  1366
  1373
  1380
  1387
  1394
  1401
  1402
  1403
  1404
  1409
  1410
  1411
  1412
  1417
  1418
  1421
  1422
  1423
  1424
  1429
  1430
  1433
  1434
  1437
  1439
  1440
  1441
  1442
  1447
  1448
  1451
  1453
  1454
  1455
  1456
  1461
  1462
  1463
  1464
  1469
  1470
  1471
  1472
  1477
  1478
  1481
  1483
  1484
  1487
  1488
  1489
  1493
  1494
  1495
  1496
  1501
  1502
  1505
  1506
  1509
  1511
  1513
  1514
  1515
  1516
  1521
  1523
  1524
  1527
  1528
  1531
  1532
  1535
  1537
  1538
  1541
  1542
  1545
  1547
  1549
  1550
  1553
  1554
  1557
  1558
  1561
  1563
  1565
  1567
  1569
  1571
  1573
  1575
  1577
  1579
  1581
  1583
  1585
  1586
  1589
  1591
  1592
  1595
  1597
