     1
     2
     3
     4
     9
    10
    13
    14
    17
    18
    21
    22
    25
    26
    29
    30
    33
    35
    37
    39
    41
    43
    44
    47
    49
    51
    53
    55
    57
    58
    61
    63
    65
    67
    69
    71
    72
    75
    77
    79
    81
    83
    85
    86
    89
    91
    93
    95
    97
    99
   100
   103
   105
   107
   109
   111
   113
   114
   117
   119
   121
   123
   125
   127
   128
   131
   133
   135
   137
   139
   141
   142
   145
   147
   149
   151
   153
   155
   156
   159
   161
   163
   165
   167
   169
   170
   171
   172
   177
   178
   181
   182
   185
   186
   189
   190
   193
   194
   197
   198
   201
   202
   205
   206
   209
   210
   213
   215
   217
   219
   221
   223
   225
   227
   229
   230
   233
   235
   237
   239
   241
   243
   245
   247
   249
   250
   253
   255
   257
   259
   261
   263
   265
   267
   269
   270
   273
   275
   277
   279
   281
   283
   285
   287
   289
   290
   293
   295
   297
   299
   301
   303
   305
   307
   309
   310
   313
   315
   317
   319
   321
   323
   324
   327
   329
   331
   333
   335
   337
   338
   341
   343
   345
   347
   349
   351
   352
   355
   357
   359
   361
   363
   365
   366
   369
   371
   373
   375
   377
   379
   380
   383
   385
   387
   389
   391
   393
   394
   397
   399
   401
   403
   405
   407
   408
   411
   413
   415
   417
   419
   421
   422
   425
   426
   429
   430
   433
   434
   437
   438
   441
   442
   445
   446
   449
   450
   453
   454
   457
   458
   461
   463
   465
   467
   469
   471
   473
   475
   477
   479
   481
   483
   485
   487
   489
   491
   493
   495
   497
   499
   501
   503
   505
   507
   509
   511
   513
   515
   517
   519
   521
   523
   525
   527
   529
   531
   533
   535
   537
   539
   541
   543
   545
   547
   549
   551
   553
   555
   557
   559
