    25
    26
    41
    55
    69
    83
    97
   111
   125
   139
   153
   167
   289
   290
   293
   295
   297
   299
   301
   303
   305
   307
   321
   335
   349
   363
   377
   391
   405
   419
   541
   543
   545
   547
   549
   551
   553
   555
   557
   559
   573
   574
   581
   588
   595
   602
   609
   616
   623
   630
   727
   728
   742
   756
   770
   784
   798
   812
   826
   833
   840
   847
   854
   861
   868
   875
   882
   889
   896
   903
   910
   917
   924
   931
   938
   945
   952
   959
   966
   973
