   643
   644
   651
   658
   665
   672
   679
   686
   693
   700
   725
   726
   741
   755
   769
   783
   797
   811
   825
   986
   987
   994
  1001
  1008
  1015
  1022
  1029
  1036
  1043
  1050
  1057
  1064
  1071
  1078
  1085
  1092
  1099
  1106
  1113
  1120
  1133
  1134
  1141
  1148
  1155
  1162
  1169
  1176
  1183
  1190
  1197
  1204
  1217
  1218
  1225
  1232
  1239
  1246
  1253
  1260
  1267
  1274
  1281
  1288
  1295
  1302
  1309
  1316
  1323
  1330
  1337
  1344
  1351
  1358
  1365
  1372
  1379
  1386
  1393
  1400
