   561
   562
   563
   564
   565
   566
   567
   568
   569
   570
   571
   572
   573
   574
   575
   576
   577
   578
   579
   580
   581
   582
   583
   584
   585
   586
   587
   588
   589
   590
   591
   592
   593
   594
   595
   596
   597
   598
   599
   600
   601
   602
   603
   604
   605
   606
   607
   608
   609
   610
   611
   612
   613
   614
   615
   616
   617
   618
   619
   620
   621
   622
   623
   624
   625
   626
   627
   628
   629
   630
   705
   706
   707
   708
   711
   712
   715
   716
   719
   720
   723
   724
   727
   728
   731
   732
   734
   736
   738
   740
   742
   745
   746
   748
   750
   752
   754
   756
   759
   760
   762
   764
   766
   768
   770
   773
   774
   776
   778
   780
   782
   784
   787
   788
   790
   792
   794
   796
   798
   801
   802
   804
   806
   808
   810
   812
   815
   816
   818
   820
   822
   824
   826
   827
   828
   829
   830
   831
   832
   833
   834
   835
   836
   837
   838
   839
   840
   841
   842
   843
   844
   845
   846
   847
   848
   849
   850
   851
   852
   853
   854
   855
   856
   857
   858
   859
   860
   861
   862
   863
   864
   865
   866
   867
   868
   869
   870
   871
   872
   873
   874
   875
   876
   877
   878
   879
   880
   881
   882
   883
   884
   885
   886
   887
   888
   889
   890
   891
   892
   893
   894
   895
   896
   897
   898
   899
   900
   901
   902
   903
   904
   905
   906
   907
   908
   909
   910
   911
   912
   913
   914
   915
   916
   917
   918
   919
   920
   921
   922
   923
   924
   925
   926
   927
   928
   929
   930
   931
   932
   933
   934
   935
   936
   937
   938
   939
   940
   941
   942
   943
   944
   945
   946
   947
   948
   949
   950
   951
   952
   953
   954
   955
   956
   957
   958
   959
   960
   961
   962
   963
   964
   965
   966
   967
   968
   969
   970
   971
   972
   973
