   573
   574
   581
   588
   595
   602
   609
   616
   623
   630
   643
   644
   651
   658
   665
   672
   679
   686
   693
   700
   725
   726
   727
   728
   741
   742
   755
   756
   769
   770
   783
   784
   797
   798
   811
   812
   825
   826
   833
   840
   847
   854
   861
   868
   875
   882
   889
   896
   903
   910
   917
   924
   931
   938
   945
   952
   959
   966
   973
   986
   987
   994
  1001
  1008
  1015
  1022
  1029
  1036
  1043
  1050
  1057
  1064
  1071
  1078
  1085
  1092
  1099
  1106
  1113
  1120
