   783
   784
   791
   798
   805
   812
   819
   826
   833
   840
   854
   868
   882
   896
   910
   924
   938
   952
   966
   980
   987
  1000
  1001
  1008
  1015
  1022
  1029
  1036
  1043
  1050
  1057
  1064
  1071
  1084
  1085
  1098
  1099
  1112
  1113
  1126
  1127
  1140
  1141
  1154
  1155
  1168
  1169
  1182
  1183
  1196
  1197
  1210
  1211
  1224
  1225
  1232
  1239
  1246
  1253
  1260
  1267
  1274
  1281
  1294
  1295
  1302
  1309
  1316
  1323
  1330
  1337
  1344
  1351
  1358
  1365
  1372
  1379
  1386
  1393
  1400
