     2
     4
     6
     8
    10
    12
    14
    16
    18
    20
    22
    24
    26
    28
    30
    32
    34
    36
    38
    40
    42
    44
    46
    48
    50
    52
    54
    56
    58
    60
    62
    64
    66
    68
    70
    72
    74
    76
    78
    80
    82
    84
    86
    88
    90
    92
    94
    96
    98
   100
   102
   104
   106
   108
   110
   112
   114
   116
   118
   120
   122
   124
   126
   128
   130
   132
   134
   136
   138
   140
   142
   144
   146
   148
   150
   152
   154
   156
   158
   160
   162
   164
   166
   168
   169
   171
   173
   175
   177
   179
   181
   183
   185
   187
   189
   191
   193
   195
   197
   199
   201
   203
   205
   207
   209
   211
   213
   215
   217
   219
   221
   223
   225
   227
   229
   231
   233
   235
   237
   239
   241
   243
   245
   247
   249
   251
   253
   255
   257
   259
   261
   263
   265
   267
   269
   271
   273
   275
   277
   279
   281
   283
   285
   287
   289
   291
   293
   295
   297
   299
   301
   303
   305
   307
   309
   311
   313
   315
   317
   319
   321
   324
   326
   328
   330
   332
   334
   336
   338
   340
   342
   344
   346
   348
   350
   352
   354
   356
   358
   360
   362
   364
   366
   368
   370
   372
   374
   376
   378
   380
   382
   384
   386
   388
   390
   392
   394
   396
   398
   400
   402
   404
   406
   408
   410
   412
   414
   416
   418
   420
   422
   424
   426
   428
   430
   432
   434
   436
   438
   440
   442
   444
   446
   448
   450
   452
   454
   456
   458
   460
   462
   464
   466
   468
   470
   472
   474
   476
   478
   480
   482
   484
   486
   488
   490
   492
   494
   496
   498
   500
   502
   504
   506
   508
   510
   512
   514
   516
   518
   520
   522
   524
   526
   528
   530
   532
   534
   536
   538
   540
   542
   544
   546
   548
   550
   552
   554
   556
   558
   560
