   771
   772
   785
   792
   799
   806
   813
   820
   827
   834
   843
   857
   871
   885
   899
   913
   927
   941
   955
   969
   981
   988
   989
  1002
  1009
  1016
  1023
  1030
  1037
  1044
  1051
  1058
  1065
  1072
  1074
  1086
  1088
  1100
  1102
  1114
  1116
  1128
  1130
  1142
  1144
  1156
  1158
  1170
  1172
  1184
  1186
  1198
  1200
  1212
  1214
  1226
  1233
  1240
  1247
  1254
  1261
  1268
  1275
  1282
  1283
  1296
  1303
  1310
  1317
  1324
  1331
  1338
  1345
  1352
  1359
  1366
  1373
  1380
  1387
  1394
