     1
     3
     5
     7
     9
    11
    13
    15
    17
    19
    21
    23
    25
    27
    29
    31
    33
    35
    37
    39
    41
    43
    45
    47
    49
    51
    53
    55
    57
    59
    61
    63
    65
    67
    69
    71
    73
    75
    77
    79
    81
    83
    85
    87
    89
    91
    93
    95
    97
    99
   101
   103
   105
   107
   109
   111
   113
   115
   117
   119
   121
   123
   125
   127
   129
   131
   133
   135
   137
   139
   141
   143
   145
   147
   149
   151
   153
   155
   157
   159
   161
   163
   165
   167
   170
   172
   174
   176
   178
   180
   182
   184
   186
   188
   190
   192
   194
   196
   198
   200
   202
   204
   206
   208
   210
   212
   214
   216
   218
   220
   222
   224
   226
   228
   230
   232
   234
   236
   238
   240
   242
   244
   246
   248
   250
   252
   254
   256
   258
   260
   262
   264
   266
   268
   270
   272
   274
   276
   278
   280
   282
   284
   286
   288
   290
   292
   294
   296
   298
   300
   302
   304
   306
   308
   310
   312
   314
   316
   318
   320
   322
   323
   325
   327
   329
   331
   333
   335
   337
   339
   341
   343
   345
   347
   349
   351
   353
   355
   357
   359
   361
   363
   365
   367
   369
   371
   373
   375
   377
   379
   381
   383
   385
   387
   389
   391
   393
   395
   397
   399
   401
   403
   405
   407
   409
   411
   413
   415
   417
   419
   421
   423
   425
   427
   429
   431
   433
   435
   437
   439
   441
   443
   445
   447
   449
   451
   453
   455
   457
   459
   461
   463
   465
   467
   469
   471
   473
   475
   477
   479
   481
   483
   485
   487
   489
   491
   493
   495
   497
   499
   501
   503
   505
   507
   509
   511
   513
   515
   517
   519
   521
   523
   525
   527
   529
   531
   533
   535
   537
   539
   541
   543
   545
   547
   549
   551
   553
   555
   557
   559
