   573
   574
   581
   588
   595
   602
   609
   616
   623
   630
   637
   644
   651
   658
   665
   672
   679
   686
   693
   706
   707
   714
   721
   728
   735
   742
   749
   756
   763
   770
   783
   784
   791
   798
   805
   812
   819
   826
   833
   840
   853
   854
   867
   868
   881
   882
   895
   896
   909
   910
   923
   924
   937
   938
   951
   952
   965
   966
   979
   980
   987
  1084
  1098
  1112
  1126
  1140
  1154
  1168
  1182
  1196
  1210
  1224
  1232
  1239
  1246
  1253
  1260
  1267
  1274
  1281
