    26
    28
    42
    56
    70
    84
    98
   112
   126
   140
   154
   168
   181
   195
   209
   223
   237
   251
   265
   279
   293
   307
   321
   348
   350
   364
   378
   392
   406
   420
   434
   448
   462
   476
   490
   504
   518
   532
   546
   560
   561
   562
   575
   582
   589
   596
   603
   610
   617
   624
   631
   638
   645
   652
   659
   666
   673
   680
   687
   694
   695
   708
   715
   722
   729
   736
   743
   750
   757
   764
   841
   855
   869
   883
   897
   911
   925
   939
   953
   967
