   300
   302
   306
   310
   314
   318
   322
   326
   330
   334
   338
   340
   534
   536
   538
   540
   542
   544
   546
   548
   550
   552
   554
   611
   613
   615
   617
   619
   621
   623
   625
   627
   674
   676
   678
   680
   682
   684
   686
   688
   690
   692
   694
   696
   758
   760
   762
   764
   766
   768
   770
   772
   774
   821
   823
   825
   827
   829
   831
   833
   835
   837
   839
   841
  1234
  1236
  1238
  1240
  1242
  1244
  1246
  1248
  1290
  1292
  1294
  1296
  1298
  1300
  1302
  1304
