   435
   436
   438
   440
   442
   444
   446
   448
   450
   452
   454
   455
   599
   600
   601
   602
   603
   604
   605
   606
   607
   608
   609
   664
   665
   666
   667
   668
   669
   670
   671
   672
   745
   746
   747
   748
   749
   750
   751
   752
   753
   754
   755
   756
   811
   812
   813
   814
   815
   816
   817
   818
   819
   886
   887
   888
   889
   890
   891
   892
   893
   894
   895
   896
  1281
  1282
  1283
  1284
  1285
  1286
  1287
  1288
  1337
  1338
  1339
  1340
  1341
  1342
  1343
  1344
