     2
     4
     6
     8
    10
    12
    14
    16
    18
    20
    22
    24
    26
    28
    30
    32
    34
    36
    38
    40
    42
    44
    46
    48
   170
   172
   174
   176
   178
   180
   182
   184
   186
   188
   190
   192
   194
   196
   198
   200
   202
   204
   296
   298
   304
   308
   312
   316
   320
   324
   328
   332
   336
   457
   459
   461
   463
   465
   467
   469
   471
   473
   475
   477
  1122
  1124
  1126
  1128
  1130
  1132
  1134
  1136
  1138
  1140
  1142
  1144
  1146
  1148
  1150
  1152
