   745
   746
   747
   748
   749
   750
   751
   752
   753
   754
   755
   756
   811
   812
   813
   814
   815
   816
   817
   818
   819
   886
   887
   888
   889
   890
   891
   892
   893
   894
   895
   896
   969
   970
   971
   972
   973
   974
   975
   976
   977
   978
   979
   980
  1047
  1048
  1049
  1050
  1051
  1052
  1053
  1054
  1055
  1056
  1057
  1112
  1113
  1114
  1115
  1116
  1117
  1118
  1119
  1120
  1337
  1338
  1339
  1340
  1341
  1342
  1343
  1344
  1393
  1394
  1395
  1396
  1397
  1398
  1399
  1400
