   145
   146
   149
   151
   153
   155
   157
   159
   161
   163
   165
   167
   277
   279
   281
   283
   285
   287
   289
   291
   293
   522
   523
   524
   525
   526
   527
   528
   529
   530
   531
   532
  1217
  1219
  1221
  1223
  1225
  1227
  1229
  1231
  2043
  2044
  2045
  2046
  2047
  2048
  2049
  2050
  2051
  2052
  2053
  2054
  2055
  2056
  2057
  2058
  2059
  2060
  2061
  2062
  2063
  2064
  2065
  2066
  2067
  2068
  2069
  2070
  2071
  2072
  2073
  2074
  2075
  2076
  2077
  2078
  2079
  2080
  2081
  2082
  2083
  2084
  2085
  2086
  2087
  2088
  2089
  2090
  2091
  2092
  2093
  2094
  2095
  2096
  2097
  2098
  2099
  2100
  2101
  2102
  2103
  2104
  2105
  2106
  2107
  2108
  2109
  2110
  2111
  2112
  2113
  2114
  2115
  2116
  2117
  2118
  2119
  2120
  2121
  2122
  2123
  2124
  2125
  2126
  2127
  2128
  2129
  2130
  2131
  2132
  2133
  2134
  2135
  2136
  2137
  2138
  2139
  2140
  2141
  2142
  2143
  2144
  2145
  2146
  2147
  2148
  2149
