   299
   300
   301
   302
   305
   306
   309
   310
   313
   314
   317
   318
   321
   322
   325
   326
   329
   330
   333
   334
   337
   338
   339
   340
   343
   344
   346
   348
   350
   352
   354
   356
   358
   360
   362
   363
   366
   367
   369
   371
   373
   375
   377
   379
   381
   383
   385
   386
   389
   390
   392
   394
   396
   398
   400
   402
   404
   406
   408
   409
   412
   413
   415
   417
   419
   421
   423
   425
   427
   429
   431
   432
   435
   436
   438
   440
   442
   444
   446
   448
   450
   452
   454
   455
   533
   534
   535
   536
   537
   538
   539
   540
   541
   542
   543
   544
   545
   546
   547
   548
   549
   550
   551
   552
   553
   554
   555
   556
   557
   558
   559
   560
   561
   562
   563
   564
   565
   566
   567
   568
   569
   570
   571
   572
   573
   574
   575
   576
   577
   578
   579
   580
   581
   582
   583
   584
   585
   586
   587
   588
   589
   590
   591
   592
   593
   594
   595
   596
   597
   598
   599
   600
   601
   602
   603
   604
   605
   606
   607
   608
   609
   610
   611
   612
   613
   614
   615
   616
   617
   618
   619
   620
   621
   622
   623
   624
   625
   626
   627
   628
   629
   630
   631
   632
   633
   634
   635
   636
   637
   638
   639
   640
   641
   642
   643
   644
   645
   646
   647
   648
   649
   650
   651
   652
   653
   654
   655
   656
   657
   658
   659
   660
   661
   662
   663
   664
   665
   666
   667
   668
   669
   670
   671
   672
  1233
  1234
  1235
  1236
  1237
  1238
  1239
  1240
  1241
  1242
  1243
  1244
  1245
  1246
  1247
  1248
  1249
  1250
  1251
  1252
  1253
  1254
  1255
  1256
  1257
  1258
  1259
  1260
  1261
  1262
  1263
  1264
  1265
  1266
  1267
  1268
  1269
  1270
  1271
  1272
  1273
  1274
  1275
  1276
  1277
  1278
  1279
  1280
  1281
  1282
  1283
  1284
  1285
  1286
  1287
  1288
