   619
   620
   631
   632
   633
   634
   635
   636
   637
   638
   639
   640
   641
   642
   643
   644
   645
   646
   647
   648
   649
   650
   651
   652
   653
   654
   655
   656
   657
   658
   659
   660
   661
   662
   663
   664
   665
   666
   667
   668
   669
   670
   671
   672
   927
   928
   981
   982
   983
   984
   985
   986
   987
   988
   989
   990
   991
   992
   993
   994
   995
   996
   997
   998
   999
  1000
  1001
  1002
  1003
  1004
  1005
  1006
  1007
  1008
  1009
  1010
  1011
  1012
  1013
  1014
  1015
  1016
  1017
  1018
  1019
  1020
  1021
  1022
