    27
    28
    42
    56
    70
    84
    98
   112
   126
   140
   154
   168
   182
   196
   210
   224
   238
   252
   266
   280
   294
   308
   322
   336
   350
   364
   378
   392
   406
   420
   434
   448
   462
   476
   490
   504
   518
   532
   546
   560
   574
   588
   602
   616
   617
   618
   673
   674
   675
   676
   677
   678
   679
   680
   681
   682
   683
   684
   685
   686
   687
   688
   689
   690
   691
   692
   693
   694
   695
   696
   697
   698
   699
   700
   701
   702
   703
   704
   705
   706
   707
   708
   709
   710
   711
   712
   713
   714
