    25
    26
    27
    28
    41
    42
    55
    56
    69
    70
    83
    84
    97
    98
   111
   112
   125
   126
   139
   140
   153
   154
   167
   168
   181
   182
   195
   196
   209
   210
   223
   224
   237
   238
   251
   252
   265
   266
   279
   280
   293
   294
   307
   308
   321
   322
   335
   336
   349
   350
   363
   364
   377
   378
   391
   392
   405
   406
   419
   420
   433
   434
   447
   448
   461
   462
   475
   476
   489
   490
   503
   504
   517
   518
   531
   532
   545
   546
   559
   560
   573
   574
   587
   588
   601
   602
   615
   616
