  1235
  1236
  1289
  1290
  1291
  1292
  1293
  1294
  1295
  1296
  1297
  1298
  1299
  1300
  1301
  1302
  1303
  1304
  1305
  1306
  1307
  1308
  1309
  1310
  1311
  1312
  1313
  1314
  1315
  1316
  1317
  1318
  1319
  1320
  1321
  1322
  1323
  1324
  1325
  1326
  1327
  1328
  1329
  1330
  2075
  2076
  2077
  2078
  2079
  2080
  2081
  2082
  2083
  2084
  2085
  2086
  2087
  2088
  2089
  2090
  2091
  2092
  2093
  2094
  2095
  2096
  2097
  2098
  2099
  2100
  2101
  2102
  2103
  2104
  2105
  2106
  2107
  2108
  2109
  2110
  2111
  2112
  2113
  2114
  2115
  2116
  2117
  2118
  2119
  2120
  2121
  2122
  2123
  2124
  2125
  2126
  2127
  2128
  2129
  2130
  2131
  2132
  2133
  2134
  2135
  2136
  2137
  2138
  2139
  2140
  2141
  2142
  2143
  2144
  2145
  2146
  2147
  2148
  2149
  2150
  2151
  2152
  2153
  2154
  2155
  2156
  2157
  2158
  2159
  2160
  2161
  2162
  2163
